# Generated by conda-lock.
# platform: win-64
# input_hash: 709566ca78f21e69f6e0ca5f920dc3ce23271ce5b969d675c8a413686dbd3db4

channels:
  - conda-forge
dependencies:
  - ca-certificates=2023.7.22=h56e8100_0
  - intel-openmp=2023.2.0=h57928b3_49496
  - msys2-conda-epoch=20160418=1
  - python_abi=3.10=3_cp310
  - tzdata=2023c=h71feb2d_0
  - ucrt=10.0.22621.0=h57928b3_0
  - m2w64-gmp=6.1.0=2
  - m2w64-libwinpthread-git=5.0.0.4634.697f757=2
  - vc14_runtime=14.36.32532=hfdfe4a8_17
  - m2w64-gcc-libs-core=5.3.0=7
  - vc=14.3=h64f974e_17
  - vs2015_runtime=14.36.32532=h05e6639_17
  - bzip2=1.0.8=h8ffe710_4
  - lerc=4.0.0=h63175ca_0
  - libaec=1.0.6=h63175ca_1
  - libdeflate=1.18=hcfcfb64_0
  - libffi=3.4.2=h8ffe710_5
  - libiconv=1.17=h8ffe710_0
  - libjpeg-turbo=2.1.5.1=hcfcfb64_0
  - libsqlite=3.43.0=hcfcfb64_0
  - libwebp-base=1.3.1=hcfcfb64_0
  - libzlib=1.2.13=hcfcfb64_5
  - m2w64-gcc-libgfortran=5.3.0=6
  - openssl=3.1.2=hcfcfb64_0
  - pthreads-win32=2.9.1=hfa6e2cd_3
  - tk=8.6.12=h8ffe710_0
  - xz=5.2.6=h8d14728_0
  - krb5=1.21.2=heb0366b_0
  - libpng=1.6.39=h19919ed_0
  - libssh2=1.11.0=h7dfc565_0
  - libxml2=2.11.5=hc3477c8_1
  - m2w64-gcc-libs=5.3.0=7
  - python=3.10.12=h4de0772_0_cpython
  - zstd=1.5.5=h12be248_0
  - brotli-python=1.1.0=py310h00ffb61_0
  - cached_property=1.5.2=pyha770c72_1
  - certifi=2023.7.22=pyhd8ed1ab_0
  - charset-normalizer=3.2.0=pyhd8ed1ab_0
  - freetype=2.12.1=h546665d_1
  - idna=3.4=pyhd8ed1ab_0
  - libcurl=8.2.1=hd5e4a3a_0
  - libhwloc=2.9.2=default_haede6df_1009
  - libtiff=4.5.1=h6c8260b_1
  - packaging=23.1=pyhd8ed1ab_0
  - pthread-stubs=0.4=hcd874cb_1001
  - pypng=0.20220715.0=pyhd8ed1ab_0
  - setuptools=68.1.2=pyhd8ed1ab_0
  - six=1.16.0=pyh6c4a22f_0
  - typing_extensions=4.7.1=pyha770c72_0
  - wheel=0.41.2=pyhd8ed1ab_0
  - win_inet_pton=1.1.0=pyhd8ed1ab_6
  - xorg-libxau=1.0.11=hcd874cb_0
  - xorg-libxdmcp=1.1.3=hcd874cb_0
  - cached-property=1.5.2=hd8ed1ab_1
  - hdf5=1.14.0=nompi_h918d9b7_103
  - lcms2=2.15=h3e3b177_1
  - libxcb=1.13=hcd874cb_1004
  - openjpeg=2.5.0=ha2aaf27_2
  - pip=23.2.1=pyhd8ed1ab_0
  - pysocks=1.7.1=pyh0701188_6
  - tbb=2021.10.0=h91493d7_0
  - typing-extensions=4.7.1=hd8ed1ab_0
  - pillow=9.4.0=py310h3dcae36_2
  - platformdirs=3.10.0=pyhd8ed1ab_0
  - urllib3=2.0.4=pyhd8ed1ab_0
  - libblas=3.9.0=17_win64_mkl
  - requests=2.31.0=pyhd8ed1ab_0
  - libcblas=3.9.0=17_win64_mkl
  - liblapack=3.9.0=17_win64_mkl
  - pooch=1.7.0=pyha770c72_3
  - numpy=1.23.5=py310h4a8f9c9_0
  - h5py=3.8.0=nompi_py310h727aef9_101
  - vectormath=0.2.2=py_0
  - properties=0.6.1=py_0
  - pip:
    - geoh5py === 0.7.1 --hash=sha256:e63a9abc7f0366ffff97641bad2e0f3941a08f944f3d1493413dfcd34d582e2b
    - mira-omf === 3.0.1 --hash=sha256:7e1b003bbfae4d3eedb6b41f242d3dc9e9e1d86050cacb0ddbf460aedab048d6
    - param-sweeps === 0.1.5 --hash=sha256:5c48ffa262fd4fc996de120fa3639595bfe69ec65594de9cccab7992bccdad2f

variables:
  KMP_WARNINGS: 0
