# Generated by conda-lock.
# platform: win-64
# input_hash: a9a3265a0fbc1f0d9d2a2aaaa0fcb1f9ddef568c2b5a1b6d9c5ee6e77144b624

channels:
  - conda-forge
  - kinverarity
dependencies:
  - ca-certificates=2024.2.2=h56e8100_0
  - intel-openmp=2024.1.0=h57928b3_965
  - msys2-conda-epoch=20160418=1
  - python_abi=3.10=4_cp310
  - tzdata=2024a=h0c530f3_0
  - ucrt=10.0.22621.0=h57928b3_0
  - m2w64-gmp=6.1.0=2
  - m2w64-libwinpthread-git=5.0.0.4634.697f757=2
  - vc14_runtime=14.38.33130=h82b7239_18
  - m2w64-gcc-libs-core=5.3.0=7
  - vc=14.3=hcf57466_18
  - vs2015_runtime=14.38.33130=hcb4865c_18
  - bzip2=1.0.8=hcfcfb64_5
  - lerc=4.0.0=h63175ca_0
  - libaec=1.1.3=h63175ca_0
  - libdeflate=1.19=hcfcfb64_0
  - libffi=3.4.2=h8ffe710_5
  - libiconv=1.17=hcfcfb64_2
  - libjpeg-turbo=3.0.0=hcfcfb64_1
  - libsqlite=3.45.3=hcfcfb64_0
  - libwebp-base=1.3.2=hcfcfb64_1
  - libzlib=1.2.13=hcfcfb64_5
  - m2w64-gcc-libgfortran=5.3.0=6
  - openssl=3.2.1=hcfcfb64_1
  - pthreads-win32=2.9.1=hfa6e2cd_3
  - tk=8.6.13=h5226925_1
  - xz=5.2.6=h8d14728_0
  - krb5=1.21.2=heb0366b_0
  - libpng=1.6.43=h19919ed_0
  - libssh2=1.11.0=h7dfc565_0
  - libxml2=2.12.6=hc3477c8_2
  - m2w64-gcc-libs=5.3.0=7
  - python=3.10.14=h4de0772_0_cpython
  - zstd=1.5.5=h12be248_0
  - brotli-python=1.1.0=py310h00ffb61_1
  - cached_property=1.5.2=pyha770c72_1
  - certifi=2024.2.2=pyhd8ed1ab_0
  - chardet=5.2.0=py310h5588dad_1
  - charset-normalizer=3.3.2=pyhd8ed1ab_0
  - et_xmlfile=1.1.0=pyhd8ed1ab_0
  - freetype=2.12.1=hdaf720e_2
  - idna=3.7=pyhd8ed1ab_0
  - libcurl=8.7.1=hd5e4a3a_0
  - libhwloc=2.10.0=default_h2fffb23_1000
  - libtiff=4.6.0=h6e2ebb7_2
  - packaging=24.0=pyhd8ed1ab_0
  - platformdirs=4.2.1=pyhd8ed1ab_0
  - pthread-stubs=0.4=hcd874cb_1001
  - pypng=0.20220715.0=pyhd8ed1ab_0
  - pytz=2024.1=pyhd8ed1ab_0
  - semver=3.0.2=pyhd8ed1ab_0
  - setuptools=69.5.1=pyhd8ed1ab_0
  - six=1.16.0=pyh6c4a22f_0
  - typing_extensions=4.11.0=pyha770c72_0
  - wheel=0.43.0=pyhd8ed1ab_1
  - win_inet_pton=1.1.0=pyhd8ed1ab_6
  - xorg-libxau=1.0.11=hcd874cb_0
  - xorg-libxdmcp=1.1.3=hcd874cb_0
  - cached-property=1.5.2=hd8ed1ab_1
  - hdf5=1.14.3=nompi_h73e8ff5_100
  - lcms2=2.16=h67d730c_0
  - libxcb=1.15=hcd874cb_0
  - openjpeg=2.5.2=h3d672ee_0
  - openpyxl=3.1.2=py310h8d17308_1
  - pip=24.0=pyhd8ed1ab_0
  - pysocks=1.7.1=pyh0701188_6
  - python-dateutil=2.9.0=pyhd8ed1ab_0
  - tbb=2021.12.0=h91493d7_0
  - tqdm=4.66.2=pyhd8ed1ab_0
  - typing-extensions=4.11.0=hd8ed1ab_0
  - annotated-types=0.6.0=pyhd8ed1ab_0
  - dask-core=2022.10.2=pyhd8ed1ab_0
  - mkl=2022.1.0=h6a75c08_874
  - pillow=10.3.0=py310hf5d6e66_0
  - pydantic-core=2.14.6=py310h87d50f1_1
  - urllib3=2.2.1=pyhd8ed1ab_0
  - distributed=2022.10.2=pyhd8ed1ab_0
  - libblas=3.9.0=18_win64_mkl
  - pydantic=2.5.3=pyhd8ed1ab_0
  - requests=2.31.0=pyhd8ed1ab_0
  - libcblas=3.9.0=18_win64_mkl
  - liblapack=3.9.0=18_win64_mkl
  - pooch=1.8.1=pyhd8ed1ab_0
  - numpy=1.23.5=py310h4a8f9c9_0
  - h5py=3.11.0=nompi_py310hde4a0ea_100
  - scipy=1.10.1=py310h578b7cb_3
  - vectormath=0.2.2=py_0
  - discretize=0.10.0=py310h4856b71_1
  - lasio=0.31=py_0
  - properties=0.6.1=py_0
  - pydiso=0.0.3=py310h847dae0_4
  - zarr=2.14.2=pyhd8ed1ab_0
  - geoana=0.4.0=py310h232114e_1
  - pymatsolver=0.2.0=ha770c72_3
  - pip:
    - intel-openmp === 2022.2.1
    - pillow === 10.1.0
    - geoh5py === 0.9.0rc1
    - mkl === 2022.2.1
    - setuptools-scm === 8.0.4
    - geoapps-utils === 0.3.0rc1
    - las-geoh5 === 0.2.0rc1
    - mira-omf === 3.2.0rc1
    - param-sweeps === 0.1.7rc1
    - octree-creation-app === 0.1.0rc2
    - simpeg-drivers @ https://github.com/MiraGeoscience/simpeg-drivers/archive/refs/heads/release/0.1.0.zip

variables:
  KMP_WARNINGS: 0
